1467861573555259
861052184479606
624346578521612
517420169277425
173732471285269
1024344654771445
703143110643383
298198088642227
2826545767658941
428525365153043
175473501142124
478805220051873
570086097290234
812990739623640
2950032208570775
4555756937774358
313355180371261
473235733985620
778447372811676
310844700406390
178789540820490
288671489618949
179646254010058
289128069597823
201162055166488
2993863584194688
1160376761145199
511229749894470
484891569419419
316034606539283
514939313202216
1664401990437098
286302966493298
806026053361951
1119707528526983
806042733371986
602317090747899
274286174430689
390598455508687
2963180207283187
2912499578998705
2842090202681660
4232400373478257
1299322343795534
2895947547327413
330144118527474
224558869440632
215081053494950
227042769191012
2581473592145721
3441986819234501
1115606182270559
911910786259531
1554660174704325
493045791935383
391206255334944
818524232394424
512114776867803
312928646912340
291860749088920
317922956412212
1215432452224378
777594406220397
240462257853322
290709716094663
2514726462167296
794110697882979
1429480020717229
978388329633898
512781789903586
1643974375974109
1673355826182235
1422478904758253
978845966250888
893996957825214
510473067029522
2898196543728966
319113599607922
928472931262363
477392316833265
578540809832361
214937480135091
1158715291260794
524858935204041
788758908698258
214941516831501
134608818616204
263930198752260
235104031738240
2012648605541684
140313278033968
946992252801832
137480001773064
775500669770861
285670196563534
473314073977217
3519765214915617
1201660423570225
177325040925990
1125400864590108
512992293220234
296357015451998
327038622173453
3956776517749856
425463085201468
1000441907430444
477285260247836
307764177546656
3051433901764303
196867998823047
762765337761317
915670702549964
297516978630645
1494259784241952
885964988645899
811762279725617
478083953438237
1016773562188232
352395749855365
294678245611411
320244412839550
307530410768408
1187911951658785
202756921679488
4739825936047169
1399485260432345
819644558759555
814421192843050
800526120849656
303791861313459
1638359013220328
992122601531792
116319217152349
569940033987170
789948761947678
174347361233479
1818520781683432
1091237604703592
952262541979782
141240284659245
485729432482604
4279636488737033
374501273941701
180415227323661
552155666230611
481594666289840
914321959401568
141631637984104
804789023570020
241910007691364
816150649321471
377861846965953
457061908848107
995327564542627
830227201034324
376136427167589
1347788445607489
1723701154503999
953048342125509
164621425504501
3779323042178626
792564615031295
475977200326015
281385763702379
327091938842494
473547160616717
1668089353375687
196507628871023
753357212022017
751930995469891
867596157218555
3754317598010362
971475433655271
1211982405937238
1610979499087435
132782005508277
192460999381790
311486060574045
126680009432768
129764535780575
306154251039803
494262178457241
223034559254612
284194639862716
963059904589544
802334893723934
1413284652353452
2168394190003086
591384278496644
1150583348700402
177764450874754
486809699136828
461137365167493
509833000191269
730227910988691
1380744088952185
842220899723357
484833542761737
982565302482062
504925114204587
373169860725359
741940073112062
339012670888923
3837709309677147
2902610366647124
842401763355417
844063253122794
177945014209968
801526464099508
177896800892620
484272026141834
327722868774835
283200233519929
922980838541837
764317174457353
1264022160667267
177236084270335
316070350084174
302893667961891
202476968229811
129014079248326
509110950112219
458680858553063
2920640951557796
807393503241350
3933879043365918
2603322429962054
1143434942795367
2905571299716416
580985476213375
467832717856614
310576513993777
314760680022575
952200295517068
802809010365469
306932557550708
975103859892665
1154006795069167
497380414795574
141340444646442
186687859971247
752076078813586
1362837217412803
500065051338821
845161496080731
1909135309234511
310616453903306
925226101593648
302541634838034
547366846437425
886990195252589
821251095458095
128287859267554
492927421757930
473273470598300
296595122145055
1178853759256663
298897458490378
903400670225348
1186378078461728
827739984498514
241246894425258
1104090976778866
386243235851906
1313067242423636
231629842053041
312703427091086
831993477397346
468842764444947
298301085220082
2993838064233798
267053898533864
295970612213412
308334144150124
563918947905604
304365134391578
487183012431481
516714529464571
156916609701499
160678875997958
3986862378028682
463366254892690
160934069311071
219564999613098
217083933217702
338860527670734
223779075834004
4265874360128451
189590746325640
163328015794179
910504082852272
2761742640804450
841451693459222
765446954338817
490053992426992
1501475993578081
807161333532942
322226609284984
363969638372752
761763458036325
1695566920649863
460504661680025
811990372777369
194318825862223
4031879060191334
210029964264948
382345243020096
529494754733113
506100507185106
561292804856575
488830588930843
174167371268644
145001634263982
1427007820979539
778002982900035
821743325204959
145790314197920
4038097809582753
3664204227017836
300189945067158
312067697106583
1009614302913655
985053752300818
1437671649899862
474871540514088
480273949718801
841795286770748
313511293466823
214050123585203
293095689161962
1364174940617507
178428737377504
904185523770232
1085382365287631
243005297576889
289063686227092
1544449349236746
478054276832277
156752253050031
522931008702582
155403573111975
149000940530551
959985878098337
183244313669240
553367618961497
453691869062078
943482966454350
1306506449908058
4320844424601594
111717797645938
498108531604492
818000342461488
214249610466664
218512416304037
1702314253303364
915824825882186
322619152611175
556167002032835
760832641273468
798943297420153
850017468883186
200106291774422
1197071874097275
501474134630740
1109184362825223
950766152355547
934879393966392
150544617014830
176594387685354
158818312852067
810481799886904
3562521367306240
914206576061455
301031651540045
2918862275064211
228713585690917
3836017416517944
473297763723969
291122259162509
3665634540231208
263269142253798
502069974321062
1293630211032326
286481449790857
803688957020235
4299847663391899
289956409408927
1380848622280523
321728099580067
4329656507068630
848729219069218
486445996000616
296067792122321
563719001259495
950612135728167
2886086161672438
1938664006284380
182055967151027
1196356730829496
465311348034078
501002034653568
206567334359625
985177205624910
179070137444692
3742429015865433
141725171316339
965272920948615
307232354221248
3036322500024002
1061211717739481
315249350001323
728436227836668
949551602484872
528624061488574
848171182761149
1136493510158760
1968765843286446
1381540072205105
153180783445338
2944147735843759
135366475279125
483223846061377
3796764943767158
2293692514108995
300935004923512
1157571537986664
1965653003573028
497399377976799
819838258636561
155501539865789
879196262663427
202989391637152
454681935633186
848658742402694
193859439239237
311863857230419
296255475508306
919823512182099
309651050650645
2752791271698882
529899851337208
146338880806291
170855021624811
521429025886317
1163399660792228
248237467169881
315802770066403
555699052091468
222837175897214
2963038037276095
500042247786015
472856433972400
1966620190164527
513123500116325
184652716856977
748382885833900
298555101999141
5399432663462281
131753415641576
312669840234180
289752402865372
462805484785071
163570439107666
476971433421689
150267313728683
3942260795865173
224588045727714
291788835836767
2678618202436444
950736378996053
483764582861689
1041791473298030
277806954001562
467519214510472
492937805477570
478112160127547
928826811209657
2631119750520513
538201467176179
1472588983084920
516684986373136
1193409054445750
311722057028355
4381949121849280
982233225960720
2899888716963241
488915535681079
825159804749733
1126243551209059
495194468561788
3472352252866059
343271850550168
486680775913649
928662644645432
216476553254205
2951444631803561
848704102382584
4063328170428644
4239044519480527
1111794382667577
136863298611095
822641111706259
513060536784974
490453312368849
510502799983463
478365926548783
1126383707864732
917329635714078
778212832831692
1477691149238036
203080728309961
944482022977917
4078448488869531
765835610776343
2897535580505825
330179251790467
212490860337962
957975845024681
341800497275952
500471028051746
509989920171252
139920481490986
1105517269858806
235813915007697
3553691911402886
241233254438458
837714426816201
855696791958457
1150673772021215
1877942002370166
844365659537687
505132834133753
767965017252940
514924752880528
1211364155946451
163715932353890
250212646794545
1439781129754067
320184986370032
815827072642665
965869487532108
170262068347843
489051219187173
492715925177035
4243769562300604
497938674877832
189903546284688
577628533202457
323442319215240
972744486865491
462443908298309
3969512089834981
1437853053240321
1903040199872232
299735848425317
313765060136650
902679630576087
465868814665859
840258583251031
323660125787905
1585764311814552
505552630568915
325071188966152
2805581569705484
4035195156564481
934485393992239
1091941121300461
266781578527253
938142026978471
650477896347955
771212733453125
322595639290146
570986740538940
908812276567920
352830256276611
817070245854685
773271926913025
3873142206126270
2564976437142730
463439838059805
1074018763008160
974124146726041
294239375652578
382719459707230
363344498440012
190854449555057
530122911586485
897372311043106
1207803006349789
603479057253149
1163688910763288
496421851488497
2345632838902415
478773823430230
4380682568661476
1894833340697718
4181284188657917
2823887951112664
284592569994248
951417325618866
1228000097654694
1626474711073956
189355926262026
1603974999799705
172435218092256
378292293482005
772137890164065
318469782995719
473105713772528
809129043322676
2830336450563075
926489644849575
151924930273836
475708457049537
925222901588498
892894727926941
576113176867289
772234803468112
304752804548785
268090518306770
316495963212665
303508004558647
764477024270728
299298505140255
856522901566437
835745123713365
751510875557271
1068514850307861
265284225340811
828969317698119
149866320442167
470891374148525
925062661604859
376630646998806
379454409965951
808221213144736
381452019821838
917852992344739
1835586843287077
790449448256695
455737222187632
944347706112162
478344583492469
739450610085161
398350371189699
930856387484237
2613341332136242
764765110900869
1178752452549282
301045644947530
950674329015272
274275917754166
318477033172443
1064025404121516
492463892201169
477805763667420
235930584952919
582337339368462
1123936611449742
2909289879334452
927037194804998
301464118087190
292789432424947
366606451413558
318069189755964
190031719609619
3644355852335719
533554164313825
470174787588706
106651974816034
3420782754690539
746333872710128
298840921732666
754307598587811
160200636104891
565815374383831
466357697803920
504305174331025
182097603767650
1425082581170287
3992885110749247
929166824562583
3898450106938806
805407033730136
375209887155862
212619127096063
462846338349690
2927289424222974
1068895283635732
736717967006118
4302514226438993
1819972398173834
816522199297290
496552191387063
216198723329060
110426264453573
939167130216431
490010995576036
318056706352531
752021248800840
458441831908229
337786924423651
1137492350098383
497712854602828
2874435156204178
178253090890234
930568011072362
377901123548732
469553020824759
1871381129704183
214650683423442
136742975112562
151554416941741
2552166025089387
466954264381732
1425999327749831
3060207907584803
822110498399700
495351461891207
518023372526730
326234382262546
473173697340460
304499571207307
4164663156901096
519573989212909
811544283096380
2675279782763633
519015405798067
1429552014080766
500348647989432
